
random_scales -> applies crop -> selects any random value for cropping


xs = int((box[pt_]['x'])*map_sz/width)
ys = int((box[pt_]['y'])*map_sz/height)





detections

[[ 47. 195.  52. 329.   1.]
 [ 77. 199.  82. 329.   1.]
 [108. 215. 113. 329.   1.]
 [139. 218. 144. 329.   1.]
 [170. 226. 175. 330.   1.]
 [200. 217. 205. 329.   1.]
 [231. 214. 236. 329.   1.]
 [262. 197. 267. 329.   1.]
 [292. 202. 297. 329.   1.]
 [323. 195. 328. 329.   1.]
 [354. 204. 359. 329.   1.]
 [385. 210. 390. 329.   1.]
 [415. 207. 420. 329.   1.]
 [446. 239. 451. 329.   1.]
 [477. 231. 482. 329.   1.]
 [507. 233. 512. 329.   1.]
 [538. 237. 543. 329.   1.]
 [569. 276. 574. 329.   1.]
 [ 51. 296.  56. 329.   1.]
 [ 82. 296.  87. 329.   1.]
 [113. 295. 118. 329.   1.]
 [143. 290. 148. 329.   1.]
 [174. 287. 179. 329.   1.]
 [205. 277. 210. 329.   1.]
 [236. 274. 241. 329.   1.]
 [266. 287. 271. 329.   1.]
 [297. 292. 302. 329.   1.]
 [328. 292. 333. 329.   1.]
 [359. 295. 364. 329.   1.]
 [389. 298. 394. 330.   1.]
 [420. 297. 425. 329.   1.]
 [451. 303. 456. 329.   1.]
 [481. 301. 486. 329.   1.]
 [512. 301. 517. 329.   1.]
 [543. 303. 548. 329.   1.]
 [574. 312. 579. 329.   1.]
 [ 56. 278.  61. 329.   1.]
 [ 87. 281.  92. 329.   1.]
 [117. 274. 122. 329.   1.]
 [148. 260. 153. 329.   1.]
 [179. 238. 184. 329.   1.]
 [210. 225. 215. 329.   1.]
 [240. 241. 245. 328.   1.]
 [271. 253. 276. 329.   1.]
 [302. 252. 307. 329.   1.]
 [333. 263. 338. 329.   1.]
 [363. 267. 368. 329.   1.]
 [394. 279. 399. 329.   1.]
 [425. 280. 430. 329.   1.]
 [455. 282. 460. 329.   1.]
 [486. 278. 491. 329.   1.]
 [517. 280. 522. 329.   1.]
 [548. 280. 553. 329.   1.]
 [578. 297. 583. 329.   1.]
 [ 61. 219.  66. 329.   1.]
 [ 91. 216.  96. 329.   1.]
 [122. 213. 127. 329.   1.]
 [153. 200. 158. 329.   1.]
 [184. 174. 189. 329.   1.]
 [214. 132. 219. 329.   1.]
 [245. 121. 250. 329.   1.]
 [276. 129. 281. 329.   1.]
 [307. 139. 312. 329.   1.]
 [337. 143. 342. 329.   1.]
 [368. 158. 373. 329.   1.]
 [399. 155. 404. 329.   1.]
 [429. 151. 434. 329.   1.]
 [460. 185. 465. 329.   1.]
 [491. 156. 496. 329.   1.]
 [522. 158. 527. 329.   1.]
 [552. 159. 557. 329.   1.]
 [583. 214. 588. 329.   1.]
 [ 65. 101.  70. 329.   1.]
 [ 96. 123. 101. 329.   1.]
 [127. 140. 132. 329.   1.]
 [158. 160. 163. 329.   1.]
 [188. 149. 193. 329.   1.]
 [219. 119. 224. 329.   1.]
 [250.  69. 255. 329.   1.]
 [280.  54. 285. 329.   1.]
 [311.  54. 316. 329.   1.]
 [342.  52. 347. 329.   1.]
 [373.  63. 378. 329.   1.]
 [403.  95. 408. 329.   1.]
 [434. 139. 439. 329.   1.]
 [465. 201. 470. 329.   1.]
 [496. 196. 501. 329.   1.]
 [526. 203. 531. 329.   1.]
 [557. 220. 562. 329.   1.]
 [588. 173. 593. 329.   1.]]
